0,532
0,531
457,35
11,14
11,5
11,29
11,11
11,12
11,26
9,2
9,3
8,13
8,4
8,18
8,10
8,17
8,2
8,3
0,317
0,315
0,313
0,308
0,304
0,278
0,273
0,270
0,320
14,104
2,2
2,1
2,3
326,4
326,3
326,2
326,1
326,0
325,4
325,3
161,6
161,5
160,13
160,12
160,10
84,37
84,36
84,35
84,34
84,33
84,32
84,31
84,30
84,29
84,28
84,26
84,24
84,22
84,18
84,17
84,14
84,12
78,10
78,9
78,8
78,4
27,24
27,23
27,22
27,21
27,20
27,19
27,18
27,17
27,16
27,15
27,14
27,13
27,12
27,11
27,10
27,9
27,8
27,7
27,6
27,5
27,4
26,19
26,18
26,17
26,16
26,15
26,14
26,13
26,12
26,11
26,10
26,5
26,4
25,20
25,19
25,18
25,17
25,16
25,15
25,14
25,13
25,12
25,11
25,10
25,9
25,8
25,7
25,6
25,5
25,4
24,4
20,3
20,2
20,1
19,3
19,2
19,1
18,3
18,1
14,128
14,116
14,115
14,114
14,113
14,112
14,111
14,110
14,109
14,108
14,1
14,107
14,3
13,6
13,3
13,1
12,3
12,2
12,1
11,30
11,28
11,23
11,22
11,19
11,7
11,4
11,3
11,2
11,1
10,107
10,98
10,3
10,2
10,1
9,7
9,1
9,5
8,16
8,15
8,1
8,8
0,0
457,34
457,33
457,32
457,31
457,30
457,29
457,28
457,27
457,26
457,25
457,24
457,23
457,22
457,21
457,20
457,19
457,18
457,17
457,16
457,15
457,14
457,13
457,12
457,11
457,10
457,9
457,8
457,7
457,6
457,5
457,4
457,3
